Metrics,Severity,API,Description
